     Size     1          100          1000          10000          100000          1000000
Trial
    1     0.004743     0.007614     0.005322       0.005384       0.010094         2.157990
    2     0.004808     0.008829     0.007567       0.006546       0.012615         2.146770
    3     0.004775     0.005286     0.004769       0.006044       0.011800         2.167612
    4     0.004746     0.005789     0.005100       0.006054       0.010829         2.148339
    5     0.004808     0.005547     0.008585       0.005344       0.010884         2.162171
    6     0.004730     0.004694     0.005361       0.005337       0.010419         2.164992
    7     0.004786     0.005028     0.004878       0.005438       0.011418         2.170074
    8     0.005345     0.004760     0.008529       0.005704       0.010715         2.162738
    9     0.004796     0.004770     0.005045       0.005664       0.010166         2.152424
   10     0.004763     0.005359     0.004843       0.005453       0.011786         2.162176
   
Unit: Seconds
